================================================================================
                            TRAINING CONFIGURATION
================================================================================
Model Type:             MultVAE_ADV
Latent Dim:             200
Total Epochs:           100
Dropout Rate:           0.6
KL Anneal Steps:        393750
KL Anneal Cap:          0.1
CLUB Weight:            3.0
Optimizer:              Adam (lr=1e-3, weight_decay=0.0)
================================================================================

================================================================================
                               PER EPOCH METRICS
================================================================================
Epoch      | balanced accuracy    | NDCG@10             
--------------------------------------------------------------------------------
1          | 0.618890             | 0.104673            
2          | 0.533040             | 0.100192            
3          | 0.517274             | 0.108723            
4          | 0.545279             | 0.112609            
5          | 0.601066             | 0.116986            
6          | 0.557234             | 0.116029            
7          | 0.579501             | 0.115909            
8          | 0.575639             | 0.115639            
9          | 0.556480             | 0.116402            
10         | 0.554992             | 0.115644            
11         | 0.536739             | 0.114985            
12         | 0.533600             | 0.116079            
13         | 0.543853             | 0.114172            
14         | 0.595257             | 0.115575            
15         | 0.541621             | 0.117221            
16         | 0.536433             | 0.114177            
17         | 0.543414             | 0.117435            
18         | 0.529748             | 0.115540            
19         | 0.551425             | 0.116172            
20         | 0.567619             | 0.115795            
21         | 0.561697             | 0.113460            
22         | 0.567466             | 0.116279            
23         | 0.620501             | 0.116860            
24         | 0.576699             | 0.117555            
25         | 0.579654             | 0.117621            
26         | 0.584108             | 0.116297            
27         | 0.591527             | 0.115179            
28         | 0.533733             | 0.117104            
29         | 0.525427             | 0.115911            
30         | 0.554237             | 0.116732            
31         | 0.556041             | 0.117315            
32         | 0.643838             | 0.114584            
33         | 0.563012             | 0.114119            
34         | 0.552913             | 0.117159            
35         | 0.583659             | 0.115664            
36         | 0.564368             | 0.117071            
37         | 0.616067             | 0.115916            
38         | 0.587084             | 0.116050            
39         | 0.575639             | 0.117520            
40         | 0.624536             | 0.114801            
41         | 0.577728             | 0.116641            
42         | 0.528260             | 0.115829            
43         | 0.542732             | 0.116740            
44         | 0.539817             | 0.117176            
45         | 0.532571             | 0.116478            
46         | 0.533611             | 0.118178            
47         | 0.443745             | 0.116632            
48         | 0.514482             | 0.117210            
49         | 0.491572             | 0.115071            
50         | 0.521626             | 0.117693            
51         | 0.542079             | 0.118290            
52         | 0.500000             | 0.116162            
53         | 0.557509             | 0.118491            
54         | 0.504352             | 0.116433            
55         | 0.505269             | 0.117943            
56         | 0.548296             | 0.118082            
57         | 0.455352             | 0.117569            
58         | 0.489197             | 0.117602            
59         | 0.512484             | 0.117277            
60         | 0.505524             | 0.117811            
61         | 0.495475             | 0.118438            
62         | 0.480881             | 0.117382            
63         | 0.526191             | 0.117144            
64         | 0.525733             | 0.118558            
65         | 0.546716             | 0.117454            
66         | 0.482787             | 0.117246            
67         | 0.505646             | 0.117361            
68         | 0.506696             | 0.116902            
69         | 0.513697             | 0.117152            
70         | 0.460081             | 0.118220            
71         | 0.506094             | 0.117140            
72         | 0.498960             | 0.117831            
73         | 0.506390             | 0.117836            
74         | 0.494802             | 0.117735            
75         | 0.500000             | 0.117925            
76         | 0.500000             | 0.117485            
77         | 0.500000             | 0.118388            
78         | 0.500000             | 0.117330            
79         | 0.500000             | 0.117994            
80         | 0.500000             | 0.118657            
81         | 0.500744             | 0.117914            
82         | 0.491684             | 0.118095            
83         | 0.500000             | 0.117578            
84         | 0.519608             | 0.117546            
85         | 0.500000             | 0.118116            
86         | 0.500000             | 0.118352            
87         | 0.502456             | 0.118537            
88         | 0.486303             | 0.119305            
89         | 0.481207             | 0.117476            
90         | 0.471516             | 0.118195            
91         | 0.476407             | 0.118352            
92         | 0.500000             | 0.117979            
93         | 0.500000             | 0.117940            
94         | 0.505534             | 0.117104            
95         | 0.490532             | 0.118375            
96         | 0.500204             | 0.117443            
97         | 0.500000             | 0.118132            
98         | 0.486364             | 0.117364            
99         | 0.500000             | 0.118401            
100        | 0.500632             | 0.117955            

================================================================================
                               FINAL TEST RESULTS
================================================================================
Test Performance:       0.117439
Test Bias:              0.500000
================================================================================
