================================================================================
                            TRAINING CONFIGURATION
================================================================================
Model Type:             MultVAE_ADV
Latent Dim:             200
Total Epochs:           100
Dropout Rate:           0.6
KL Anneal Steps:        393750
KL Anneal Cap:          0.1
CLUB Weight:            1.0
Optimizer:              Adam (lr=1e-3, weight_decay=0.0)
================================================================================

================================================================================
                               PER EPOCH METRICS
================================================================================
Epoch      | balanced accuracy    | NDCG@10             
--------------------------------------------------------------------------------
1          | 0.553555             | 0.109461            
2          | 0.511679             | 0.092415            
3          | 0.555939             | 0.107817            
4          | 0.538981             | 0.115750            
5          | 0.585453             | 0.114026            
6          | 0.541040             | 0.115197            
7          | 0.570584             | 0.116851            
8          | 0.604164             | 0.116578            
9          | 0.553066             | 0.116138            
10         | 0.579980             | 0.115607            
11         | 0.592770             | 0.112926            
12         | 0.609708             | 0.117005            
13         | 0.565570             | 0.116924            
14         | 0.555175             | 0.115074            
15         | 0.579838             | 0.117472            
16         | 0.586523             | 0.120688            
17         | 0.602727             | 0.120632            
18         | 0.613560             | 0.121686            
19         | 0.605693             | 0.121116            
20         | 0.635991             | 0.121510            
21         | 0.616383             | 0.122439            
22         | 0.592322             | 0.120093            
23         | 0.604052             | 0.119782            
24         | 0.582212             | 0.121006            
25         | 0.613255             | 0.120910            
26         | 0.578350             | 0.121000            
27         | 0.592475             | 0.123818            
28         | 0.657067             | 0.121754            
29         | 0.617107             | 0.123304            
30         | 0.614722             | 0.123449            
31         | 0.579685             | 0.126851            
32         | 0.652165             | 0.129108            
33         | 0.606712             | 0.130006            
34         | 0.653663             | 0.130935            
35         | 0.643410             | 0.128885            
36         | 0.577025             | 0.130246            
37         | 0.623955             | 0.133012            
38         | 0.631823             | 0.131301            
39         | 0.579532             | 0.132089            
40         | 0.640139             | 0.133173            
41         | 0.624842             | 0.134977            
42         | 0.611461             | 0.131750            
43         | 0.588592             | 0.135064            
44         | 0.622172             | 0.133982            
45         | 0.645326             | 0.134352            
46         | 0.608648             | 0.137966            
47         | 0.604185             | 0.138936            
48         | 0.630029             | 0.140411            
49         | 0.596164             | 0.140864            
50         | 0.579675             | 0.144334            
51         | 0.612501             | 0.144692            
52         | 0.611318             | 0.142900            
53         | 0.628103             | 0.146298            
54         | 0.597061             | 0.143620            
55         | 0.547899             | 0.147690            
56         | 0.612653             | 0.148511            
57         | 0.609983             | 0.148051            
58         | 0.628246             | 0.151057            
59         | 0.619186             | 0.150490            
60         | 0.634931             | 0.153007            
61         | 0.612949             | 0.153431            
62         | 0.640730             | 0.153960            
63         | 0.601525             | 0.153976            
64         | 0.635380             | 0.156202            
65         | 0.613244             | 0.152534            
66         | 0.619033             | 0.154587            
67         | 0.653500             | 0.156081            
68         | 0.596317             | 0.156161            
69         | 0.669846             | 0.156269            
70         | 0.657505             | 0.155722            
71         | 0.602697             | 0.155874            
72         | 0.576414             | 0.158274            
73         | 0.618289             | 0.157256            
74         | 0.643105             | 0.158329            
75         | 0.591262             | 0.156744            
76         | 0.604327             | 0.156239            
77         | 0.634045             | 0.156100            
78         | 0.602401             | 0.156573            
79         | 0.542976             | 0.156649            
80         | 0.577891             | 0.156777            
81         | 0.602401             | 0.158631            
82         | 0.568230             | 0.158806            
83         | 0.582793             | 0.158796            
84         | 0.587695             | 0.159521            
85         | 0.645775             | 0.157743            
86         | 0.624975             | 0.158588            
87         | 0.605825             | 0.158295            
88         | 0.603736             | 0.157380            
89         | 0.568678             | 0.158542            
90         | 0.574324             | 0.157121            
91         | 0.591710             | 0.159112            
92         | 0.576556             | 0.158094            
93         | 0.563196             | 0.158602            
94         | 0.609086             | 0.159330            
95         | 0.593789             | 0.160613            
96         | 0.598539             | 0.157848            
97         | 0.550130             | 0.156008            
98         | 0.652603             | 0.159710            
99         | 0.566610             | 0.158497            
100        | 0.549815             | 0.160223            

================================================================================
                               FINAL TEST RESULTS
================================================================================
Test Performance:       0.157352
Test Bias:              0.562682
================================================================================
