================================================================================
                            TRAINING CONFIGURATION
================================================================================
Model Type:             MultVAE_ADV
Latent Dim:             200
Total Epochs:           100
Dropout Rate:           0.6
KL Anneal Steps:        393660
KL Anneal Cap:          0.1
CLUB Weight:            2.0
Optimizer:              Adam (lr=1e-3, weight_decay=0.0)
================================================================================

================================================================================
                               PER EPOCH METRICS
================================================================================
Epoch      | balanced accuracy    | NDCG@10             
--------------------------------------------------------------------------------
1          | 0.567174             | 0.113870            
2          | 0.562340             | 0.102909            
3          | 0.540726             | 0.108168            
4          | 0.595600             | 0.112440            
5          | 0.606765             | 0.115444            
6          | 0.544790             | 0.115511            
7          | 0.552928             | 0.115087            
8          | 0.602734             | 0.117167            
9          | 0.549399             | 0.114942            
10         | 0.561238             | 0.116017            
11         | 0.568649             | 0.116082            
12         | 0.582873             | 0.116141            
13         | 0.611696             | 0.116247            
14         | 0.583451             | 0.115273            
15         | 0.635780             | 0.115465            
16         | 0.608081             | 0.117154            
17         | 0.629043             | 0.116459            
18         | 0.591333             | 0.118938            
19         | 0.634101             | 0.122630            
20         | 0.652432             | 0.120266            
21         | 0.635256             | 0.121894            
22         | 0.627995             | 0.121844            
23         | 0.617877             | 0.121677            
24         | 0.634080             | 0.120411            
25         | 0.619129             | 0.122275            
26         | 0.612872             | 0.123288            
27         | 0.630476             | 0.120976            
28         | 0.639064             | 0.125643            
29         | 0.590488             | 0.130406            
30         | 0.589654             | 0.125724            
31         | 0.574435             | 0.129341            
32         | 0.594841             | 0.131073            
33         | 0.595269             | 0.130626            
34         | 0.622134             | 0.130356            
35         | 0.554201             | 0.131971            
36         | 0.588756             | 0.130370            
37         | 0.565944             | 0.131854            
38         | 0.601878             | 0.131565            
39         | 0.554500             | 0.131447            
40         | 0.584852             | 0.133367            
41         | 0.624540             | 0.133127            
42         | 0.561291             | 0.131866            
43         | 0.621310             | 0.132857            
44         | 0.598274             | 0.131545            
45         | 0.574585             | 0.133225            
46         | 0.565045             | 0.132887            
47         | 0.624166             | 0.133811            
48         | 0.604862             | 0.135913            
49         | 0.636208             | 0.134894            
50         | 0.590584             | 0.134516            
51         | 0.539603             | 0.138701            
52         | 0.547089             | 0.135892            
53         | 0.557634             | 0.137970            
54         | 0.579194             | 0.139917            
55         | 0.573409             | 0.140477            
56         | 0.597322             | 0.141666            
57         | 0.541581             | 0.139734            
58         | 0.559185             | 0.141300            
59         | 0.574510             | 0.140185            
60         | 0.581472             | 0.144281            
61         | 0.603910             | 0.142626            
62         | 0.616380             | 0.142133            
63         | 0.567024             | 0.143524            
64         | 0.600327             | 0.142115            
65         | 0.598424             | 0.142458            
66         | 0.571056             | 0.142883            
67         | 0.581120             | 0.142128            
68         | 0.576489             | 0.142389            
69         | 0.563869             | 0.143008            
70         | 0.534747             | 0.143157            
71         | 0.610038             | 0.142213            
72         | 0.524052             | 0.144106            
73         | 0.520448             | 0.142893            
74         | 0.549217             | 0.143978            
75         | 0.520448             | 0.141356            
76         | 0.555527             | 0.143596            
77         | 0.567398             | 0.143882            
78         | 0.513614             | 0.145470            
79         | 0.583098             | 0.141927            
80         | 0.551698             | 0.142534            
81         | 0.508706             | 0.143222            
82         | 0.531763             | 0.143118            
83         | 0.561591             | 0.143108            
84         | 0.566093             | 0.144257            
85         | 0.516267             | 0.145106            
86         | 0.549292             | 0.144339            
87         | 0.517368             | 0.143680            
88         | 0.558607             | 0.142436            
89         | 0.613375             | 0.143436            
90         | 0.529913             | 0.143440            
91         | 0.563516             | 0.142441            
92         | 0.546191             | 0.144885            
93         | 0.557356             | 0.142704            
94         | 0.582724             | 0.144365            
95         | 0.578114             | 0.143524            
96         | 0.523978             | 0.143696            
97         | 0.561388             | 0.144185            
98         | 0.479156             | 0.143185            
99         | 0.565120             | 0.144329            
100        | 0.553174             | 0.144802            

================================================================================
                               FINAL TEST RESULTS
================================================================================
Test Performance:       0.143813
Test Bias:              0.505664
================================================================================
