================================================================================
                            TRAINING CONFIGURATION
================================================================================
Model Type:             MultVAE_ADV
Encoder Dims:           200
Latent Dim:             200
Adversarial Net Dim:    100
Total Epochs:           100
Dropout Rate:           0.6
KL Anneal Steps:        393750
KL Anneal Cap:          0.1
Adversarial Alpha:      2300.0
Optimizer:              Adam (lr=1e-3, weight_decay=0.0)
================================================================================

================================================================================
                               PER EPOCH METRICS
================================================================================
Epoch      | balanced accuracy    | NDCG@10             
--------------------------------------------------------------------------------
1          | 0.717062             | 0.107964            
2          | 0.628389             | 0.104158            
3          | 0.688690             | 0.111033            
4          | 0.722861             | 0.113753            
5          | 0.702805             | 0.114173            
6          | 0.713811             | 0.113428            
7          | 0.738311             | 0.116825            
8          | 0.723452             | 0.113075            
9          | 0.702662             | 0.117802            
10         | 0.705485             | 0.115106            
11         | 0.691360             | 0.115981            
12         | 0.684389             | 0.118305            
13         | 0.699849             | 0.118009            
14         | 0.661663             | 0.122327            
15         | 0.684848             | 0.122042            
16         | 0.696140             | 0.125515            
17         | 0.674290             | 0.127278            
18         | 0.688690             | 0.130825            
19         | 0.575191             | 0.122850            
20         | 0.567700             | 0.117697            
21         | 0.722545             | 0.118570            
22         | 0.746178             | 0.119023            
23         | 0.669969             | 0.117351            
24         | 0.500000             | 0.118467            
25         | 0.666004             | 0.116817            
26         | 0.670702             | 0.118435            
27         | 0.682483             | 0.117380            
28         | 0.581122             | 0.118757            
29         | 0.500000             | 0.116716            
30         | 0.500000             | 0.118155            
31         | 0.500000             | 0.115220            
32         | 0.500000             | 0.118254            
33         | 0.641311             | 0.118118            
34         | 0.681709             | 0.052448            
35         | 0.705189             | 0.072156            
36         | 0.515970             | 0.103987            
37         | 0.500000             | 0.115254            
38         | 0.500000             | 0.115662            
39         | 0.515450             | 0.118584            
40         | 0.551995             | 0.117867            
41         | 0.565662             | 0.118066            
42         | 0.536107             | 0.117520            
43         | 0.567894             | 0.118279            
44         | 0.574436             | 0.117521            
45         | 0.657026             | 0.117876            
46         | 0.608179             | 0.117737            
47         | 0.568362             | 0.117871            
48         | 0.640557             | 0.119090            
49         | 0.596154             | 0.114088            
50         | 0.586635             | 0.119086            
51         | 0.594207             | 0.116244            
52         | 0.569382             | 0.116903            
53         | 0.590060             | 0.119897            
54         | 0.616638             | 0.117492            
55         | 0.586024             | 0.118675            
56         | 0.565244             | 0.117625            
57         | 0.621540             | 0.119051            
58         | 0.526762             | 0.119488            
59         | 0.572357             | 0.120715            
60         | 0.558997             | 0.122996            
61         | 0.600332             | 0.121812            
62         | 0.563664             | 0.122432            
63         | 0.541183             | 0.122232            
64         | 0.618136             | 0.122697            
65         | 0.578462             | 0.122532            
66         | 0.598070             | 0.124223            
67         | 0.557967             | 0.124602            
68         | 0.585453             | 0.124186            
69         | 0.612643             | 0.124308            
70         | 0.612062             | 0.124750            
71         | 0.614722             | 0.125511            
72         | 0.556021             | 0.125889            
73         | 0.537004             | 0.125598            
74         | 0.555725             | 0.126927            
75         | 0.553198             | 0.125229            
76         | 0.537300             | 0.126450            
77         | 0.530940             | 0.126623            
78         | 0.555277             | 0.126343            
79         | 0.534191             | 0.127146            
80         | 0.568210             | 0.125690            
81         | 0.549336             | 0.125592            
82         | 0.535078             | 0.126977            
83         | 0.570574             | 0.126621            
84         | 0.536556             | 0.127522            
85         | 0.557060             | 0.126433            
86         | 0.583048             | 0.125582            
87         | 0.525865             | 0.125770            
88         | 0.555420             | 0.126819            
89         | 0.548744             | 0.127145            
90         | 0.563297             | 0.126707            
91         | 0.555145             | 0.127763            
92         | 0.564785             | 0.127598            
93         | 0.529728             | 0.125483            
94         | 0.543099             | 0.125930            
95         | 0.563002             | 0.127116            
96         | 0.565234             | 0.126026            
97         | 0.546665             | 0.126418            
98         | 0.554380             | 0.124749            
99         | 0.529585             | 0.126480            
100        | 0.538788             | 0.124717            

================================================================================
                               FINAL TEST RESULTS
================================================================================
Test Performance:       0.125973
Test Bias:              0.525297
================================================================================
