================================================================================
                            TRAINING CONFIGURATION
================================================================================
Model Type:             MultVAE_ADV
Latent Dim:             200
Total Epochs:           100
Dropout Rate:           0.6
KL Anneal Steps:        393750
KL Anneal Cap:          0.1
CLUB Weight:            10.0
Optimizer:              Adam (lr=1e-3, weight_decay=0.0)
================================================================================

================================================================================
                               PER EPOCH METRICS
================================================================================
Epoch      | balanced accuracy    | NDCG@10             
--------------------------------------------------------------------------------
1          | 0.509068             | 0.113424            
2          | 0.500000             | 0.094430            
3          | 0.500000             | 0.112482            
4          | 0.500000             | 0.112011            
5          | 0.575987             | 0.114912            
6          | 0.496786             | 0.115639            
7          | 0.595960             | 0.115257            
8          | 0.499197             | 0.114675            
9          | 0.566575             | 0.116332            
10         | 0.533632             | 0.117432            
11         | 0.523301             | 0.114520            
12         | 0.511823             | 0.115822            
13         | 0.530992             | 0.115328            
14         | 0.488751             | 0.115643            
15         | 0.639004             | 0.116314            
16         | 0.568871             | 0.116167            
17         | 0.542470             | 0.116517            
18         | 0.550046             | 0.115464            
19         | 0.582071             | 0.115186            
20         | 0.579086             | 0.116387            
21         | 0.665863             | 0.118789            
22         | 0.568641             | 0.116224            
23         | 0.571051             | 0.117165            
24         | 0.527089             | 0.119293            
25         | 0.524334             | 0.120786            
26         | 0.500000             | 0.122082            
27         | 0.523531             | 0.117464            
28         | 0.529959             | 0.121972            
29         | 0.500000             | 0.119246            
30         | 0.527548             | 0.122305            
31         | 0.557163             | 0.120602            
32         | 0.565083             | 0.120887            
33         | 0.596189             | 0.122126            
34         | 0.500115             | 0.118591            
35         | 0.500000             | 0.121822            
36         | 0.490702             | 0.122718            
37         | 0.500000             | 0.120247            
38         | 0.503214             | 0.122150            
39         | 0.500000             | 0.123146            
40         | 0.521350             | 0.121887            
41         | 0.561754             | 0.122500            
42         | 0.560491             | 0.122533            
43         | 0.491965             | 0.119762            
44         | 0.499656             | 0.122657            
45         | 0.497590             | 0.122340            
46         | 0.500230             | 0.123132            
47         | 0.530877             | 0.121911            
48         | 0.442608             | 0.121403            
49         | 0.551882             | 0.121037            
50         | 0.491736             | 0.122748            
51         | 0.513430             | 0.123949            
52         | 0.538567             | 0.122355            
53         | 0.533058             | 0.122748            
54         | 0.522383             | 0.122397            
55         | 0.506887             | 0.122553            
56         | 0.512626             | 0.123506            
57         | 0.544077             | 0.124208            
58         | 0.487948             | 0.123481            
59         | 0.511134             | 0.123885            
60         | 0.477732             | 0.121435            
61         | 0.516988             | 0.123124            
62         | 0.547980             | 0.122537            
63         | 0.523646             | 0.122631            
64         | 0.507346             | 0.124049            
65         | 0.503558             | 0.123152            
66         | 0.543388             | 0.122900            
67         | 0.521924             | 0.123071            
68         | 0.465909             | 0.122333            
69         | 0.585744             | 0.122067            
70         | 0.536387             | 0.123068            
71         | 0.542355             | 0.123945            
72         | 0.553375             | 0.123256            
73         | 0.501148             | 0.123301            
74         | 0.507346             | 0.123416            
75         | 0.537075             | 0.122009            
76         | 0.529385             | 0.123012            
77         | 0.492883             | 0.122130            
78         | 0.523875             | 0.121479            
79         | 0.553834             | 0.123053            
80         | 0.520546             | 0.122485            
81         | 0.516185             | 0.122970            
82         | 0.513889             | 0.123025            
83         | 0.545225             | 0.122020            
84         | 0.548898             | 0.121956            
85         | 0.527548             | 0.123772            
86         | 0.523990             | 0.122475            
87         | 0.536961             | 0.123169            
88         | 0.493802             | 0.123712            
89         | 0.538797             | 0.122664            
90         | 0.476928             | 0.123805            
91         | 0.553834             | 0.123556            
92         | 0.543618             | 0.123565            
93         | 0.536042             | 0.123509            
94         | 0.535468             | 0.123343            
95         | 0.536846             | 0.123503            
96         | 0.480257             | 0.122104            
97         | 0.542355             | 0.122683            
98         | 0.532025             | 0.122434            
99         | 0.501377             | 0.122427            
100        | 0.479109             | 0.123218            

================================================================================
                               FINAL TEST RESULTS
================================================================================
Test Performance:       0.120588
Test Bias:              0.513320
================================================================================
