================================================================================
                            TRAINING CONFIGURATION
================================================================================
Model Type:             MultVAE_ADV
Encoder Dims:           200
Latent Dim:             200
Adversarial Net Dim:    100
Total Epochs:           100
Dropout Rate:           0.6
KL Anneal Steps:        393750
KL Anneal Cap:          0.1
Adversarial Alpha:      500.0
Optimizer:              Adam (lr=1e-3, weight_decay=0.0)
================================================================================

================================================================================
                               PER EPOCH METRICS
================================================================================
Epoch      | balanced accuracy    | NDCG@10             
--------------------------------------------------------------------------------
1          | 0.592057             | 0.103733            
2          | 0.561639             | 0.101598            
3          | 0.630739             | 0.114580            
4          | 0.692034             | 0.112766            
5          | 0.767332             | 0.111578            
6          | 0.676768             | 0.114703            
7          | 0.644743             | 0.113971            
8          | 0.651286             | 0.115311            
9          | 0.651400             | 0.114351            
10         | 0.626837             | 0.116262            
11         | 0.626148             | 0.115846            
12         | 0.637741             | 0.117836            
13         | 0.658632             | 0.118376            
14         | 0.640381             | 0.118297            
15         | 0.624770             | 0.120961            
16         | 0.619031             | 0.122646            
17         | 0.603191             | 0.123812            
18         | 0.613522             | 0.127024            
19         | 0.619376             | 0.128284            
20         | 0.691460             | 0.129594            
21         | 0.680096             | 0.130671            
22         | 0.725895             | 0.127576            
23         | 0.736685             | 0.130834            
24         | 0.765381             | 0.131628            
25         | 0.693067             | 0.129116            
26         | 0.682507             | 0.126093            
27         | 0.652893             | 0.124799            
28         | 0.700987             | 0.126109            
29         | 0.731061             | 0.125658            
30         | 0.585170             | 0.126801            
31         | 0.639463             | 0.127312            
32         | 0.628214             | 0.128363            
33         | 0.555556             | 0.126038            
34         | 0.571396             | 0.127487            
35         | 0.574725             | 0.131472            
36         | 0.524908             | 0.130475            
37         | 0.568641             | 0.131450            
38         | 0.568871             | 0.132288            
39         | 0.624426             | 0.129992            
40         | 0.691001             | 0.130310            
41         | 0.680096             | 0.131844            
42         | 0.718779             | 0.130632            
43         | 0.751263             | 0.129540            
44         | 0.705234             | 0.133352            
45         | 0.676538             | 0.133925            
46         | 0.642562             | 0.133913            
47         | 0.708104             | 0.133372            
48         | 0.676653             | 0.133901            
49         | 0.657713             | 0.132684            
50         | 0.685491             | 0.134319            
51         | 0.703168             | 0.133677            
52         | 0.705693             | 0.134235            
53         | 0.707185             | 0.134715            
54         | 0.663223             | 0.134713            
55         | 0.714646             | 0.133808            
56         | 0.697429             | 0.136530            
57         | 0.677571             | 0.135058            
58         | 0.656910             | 0.134200            
59         | 0.679982             | 0.135453            
60         | 0.670340             | 0.136045            
61         | 0.620868             | 0.133542            
62         | 0.671947             | 0.135217            
63         | 0.655303             | 0.134935            
64         | 0.622934             | 0.134246            
65         | 0.662649             | 0.134166            
66         | 0.549013             | 0.134916            
67         | 0.615702             | 0.133642            
68         | 0.597796             | 0.134005            
69         | 0.602847             | 0.137414            
70         | 0.624426             | 0.134782            
71         | 0.626263             | 0.134924            
72         | 0.612833             | 0.135419            
73         | 0.657713             | 0.136305            
74         | 0.624885             | 0.137914            
75         | 0.636134             | 0.136799            
76         | 0.645432             | 0.136694            
77         | 0.617654             | 0.137494            
78         | 0.620179             | 0.138119            
79         | 0.579201             | 0.139154            
80         | 0.602847             | 0.139755            
81         | 0.643136             | 0.139509            
82         | 0.577938             | 0.139943            
83         | 0.542700             | 0.139291            
84         | 0.593434             | 0.140850            
85         | 0.604339             | 0.138478            
86         | 0.541667             | 0.141136            
87         | 0.560950             | 0.140006            
88         | 0.603191             | 0.142263            
89         | 0.564164             | 0.140724            
90         | 0.599518             | 0.140612            
91         | 0.580234             | 0.139930            
92         | 0.601125             | 0.140441            
93         | 0.592401             | 0.141405            
94         | 0.548095             | 0.139326            
95         | 0.562328             | 0.139973            
96         | 0.568641             | 0.140577            
97         | 0.566345             | 0.140281            
98         | 0.629936             | 0.140655            
99         | 0.600781             | 0.141019            
100        | 0.558884             | 0.139588            

================================================================================
                               FINAL TEST RESULTS
================================================================================
Test Performance:       0.140841
Test Bias:              0.598384
================================================================================
