================================================================================
                            TRAINING CONFIGURATION
================================================================================
Model Type:             MultVAE_ADV
Latent Dim:             200
Total Epochs:           100
Dropout Rate:           0.6
KL Anneal Steps:        163080
KL Anneal Cap:          0.1
CLUB Weight:            1.0
Optimizer:              Adam (lr=1e-3, weight_decay=0.0)
Trained on:		Fold 0
================================================================================

================================================================================
                               PER EPOCH METRICS
================================================================================
Epoch      | balanced accuracy    | NDCG@10             
--------------------------------------------------------------------------------
1          | 0.567442             | 0.071294            
2          | 0.482724             | 0.175007            
3          | 0.527326             | 0.191696            
4          | 0.529817             | 0.196791            
5          | 0.545681             | 0.200911            
6          | 0.498256             | 0.196789            
7          | 0.498007             | 0.199029            
8          | 0.496013             | 0.200948            
9          | 0.482724             | 0.198989            
10         | 0.566113             | 0.201265            
11         | 0.527492             | 0.198560            
12         | 0.654983             | 0.203145            
13         | 0.542027             | 0.203566            
14         | 0.633306             | 0.201586            
15         | 0.571927             | 0.196585            
16         | 0.596512             | 0.199232            
17         | 0.559219             | 0.211758            
18         | 0.570349             | 0.217143            
19         | 0.593688             | 0.235374            
20         | 0.573505             | 0.232939            
21         | 0.586960             | 0.239500            
22         | 0.609219             | 0.235888            
23         | 0.615282             | 0.234281            
24         | 0.623754             | 0.239804            
25         | 0.659718             | 0.234497            
26         | 0.604153             | 0.235507            
27         | 0.665033             | 0.228380            
28         | 0.661545             | 0.234332            
29         | 0.589867             | 0.227711            
30         | 0.561628             | 0.230753            
31         | 0.551578             | 0.233761            
32         | 0.631645             | 0.237209            
33         | 0.583306             | 0.236891            
34         | 0.670847             | 0.241882            
35         | 0.711047             | 0.240329            
36         | 0.580399             | 0.248325            
37         | 0.639037             | 0.248699            
38         | 0.579568             | 0.250255            
39         | 0.550249             | 0.249291            
40         | 0.525332             | 0.256805            
41         | 0.597010             | 0.253389            
42         | 0.633306             | 0.256314            
43         | 0.553488             | 0.262000            
44         | 0.588040             | 0.253672            
45         | 0.551329             | 0.260589            
46         | 0.595183             | 0.263149            
47         | 0.559967             | 0.260054            
48         | 0.672425             | 0.267072            
49         | 0.619518             | 0.266768            
50         | 0.610797             | 0.266999            
51         | 0.539369             | 0.269487            
52         | 0.546761             | 0.274885            
53         | 0.589369             | 0.270043            
54         | 0.596512             | 0.274978            
55         | 0.578239             | 0.273328            
56         | 0.604983             | 0.274728            
57         | 0.636960             | 0.283086            
58         | 0.628239             | 0.290934            
59         | 0.662375             | 0.283892            
60         | 0.586213             | 0.291594            
61         | 0.532226             | 0.290901            
62         | 0.559219             | 0.292843            
63         | 0.579070             | 0.289225            
64         | 0.560797             | 0.293710            
65         | 0.577990             | 0.293091            
66         | 0.585133             | 0.291137            
67         | 0.577990             | 0.296346            
68         | 0.544934             | 0.295840            
69         | 0.573256             | 0.294118            
70         | 0.558140             | 0.290427            
71         | 0.628488             | 0.298404            
72         | 0.517940             | 0.288509            
73         | 0.567940             | 0.298294            
74         | 0.561296             | 0.298305            
75         | 0.582724             | 0.295843            
76         | 0.559718             | 0.300302            
77         | 0.587791             | 0.294189            
78         | 0.536711             | 0.295504            
79         | 0.549419             | 0.299991            
80         | 0.553904             | 0.297162            
81         | 0.590698             | 0.297942            
82         | 0.588289             | 0.300137            
83         | 0.553156             | 0.300399            
84         | 0.531977             | 0.298972            
85         | 0.585382             | 0.298479            
86         | 0.569518             | 0.298696            
87         | 0.518272             | 0.301495            
88         | 0.531977             | 0.299399            
89         | 0.513704             | 0.295732            
90         | 0.541196             | 0.300029            
91         | 0.545432             | 0.304092            
92         | 0.557060             | 0.300286            
93         | 0.537542             | 0.299042            
94         | 0.509219             | 0.297498            
95         | 0.536462             | 0.299819            
96         | 0.547841             | 0.301061            
97         | 0.537542             | 0.296149            
98         | 0.567359             | 0.301674            
99         | 0.506312             | 0.299505            
100        | 0.569767             | 0.296933            

================================================================================
                               FINAL TEST RESULTS
================================================================================
Test Performance:       0.281905
Test Bias:              0.576662
================================================================================
