================================================================================
                            TRAINING CONFIGURATION
================================================================================
Model Type:             MultVAE_ADV
Encoder Dims:           200
Latent Dim:             200
Adversarial Net Dim:    100
Total Epochs:           100
Dropout Rate:           0.6
KL Anneal Steps:        163080
KL Anneal Cap:          0.1
Adversarial Alpha:      2300.0
Optimizer:              Adam (lr=1e-3, weight_decay=0.0)
Trained on:		Fold 0
================================================================================

================================================================================
                               PER EPOCH METRICS
================================================================================
Epoch      | balanced accuracy    | NDCG@10             
--------------------------------------------------------------------------------
1          | 0.674751             | 0.056327            
2          | 0.712043             | 0.130716            
3          | 0.699917             | 0.190704            
4          | 0.701993             | 0.191402            
5          | 0.704651             | 0.200625            
6          | 0.687209             | 0.193718            
7          | 0.721844             | 0.185264            
8          | 0.719435             | 0.208579            
9          | 0.683721             | 0.223935            
10         | 0.720764             | 0.227166            
11         | 0.709967             | 0.236978            
12         | 0.691196             | 0.234011            
13         | 0.708887             | 0.235500            
14         | 0.657309             | 0.244111            
15         | 0.671346             | 0.243464            
16         | 0.650997             | 0.245180            
17         | 0.680066             | 0.249628            
18         | 0.673173             | 0.261049            
19         | 0.700415             | 0.272504            
20         | 0.684801             | 0.272998            
21         | 0.672924             | 0.278000            
22         | 0.757558             | 0.263249            
23         | 0.678738             | 0.260167            
24         | 0.749585             | 0.272894            
25         | 0.765449             | 0.277579            
26         | 0.674751             | 0.279860            
27         | 0.732973             | 0.262328            
28         | 0.720017             | 0.271829            
29         | 0.704651             | 0.274998            
30         | 0.693023             | 0.266277            
31         | 0.701744             | 0.262249            
32         | 0.694020             | 0.257139            
33         | 0.661296             | 0.270182            
34         | 0.599419             | 0.266754            
35         | 0.579319             | 0.253285            
36         | 0.664120             | 0.272729            
37         | 0.724252             | 0.268305            
38         | 0.725249             | 0.265009            
39         | 0.690116             | 0.266625            
40         | 0.750415             | 0.265366            
41         | 0.725332             | 0.275876            
42         | 0.650664             | 0.280310            
43         | 0.687458             | 0.276414            
44         | 0.653904             | 0.273907            
45         | 0.629236             | 0.275711            
46         | 0.663372             | 0.276936            
47         | 0.539618             | 0.271622            
48         | 0.546262             | 0.265026            
49         | 0.648339             | 0.260642            
50         | 0.659136             | 0.266922            
51         | 0.612043             | 0.264877            
52         | 0.617442             | 0.266555            
53         | 0.554651             | 0.265269            
54         | 0.596678             | 0.263677            
55         | 0.530316             | 0.266371            
56         | 0.620266             | 0.269022            
57         | 0.580316             | 0.275190            
58         | 0.591445             | 0.278649            
59         | 0.597757             | 0.277529            
60         | 0.598588             | 0.278760            
61         | 0.559718             | 0.279569            
62         | 0.590116             | 0.283981            
63         | 0.567940             | 0.287166            
64         | 0.549668             | 0.282309            
65         | 0.572757             | 0.286576            
66         | 0.496013             | 0.287032            
67         | 0.601744             | 0.291446            
68         | 0.562625             | 0.292968            
69         | 0.603904             | 0.292252            
70         | 0.597010             | 0.288560            
71         | 0.519020             | 0.288225            
72         | 0.541528             | 0.291632            
73         | 0.585880             | 0.291440            
74         | 0.498837             | 0.294538            
75         | 0.446262             | 0.292729            
76         | 0.469020             | 0.293621            
77         | 0.616611             | 0.287491            
78         | 0.510216             | 0.290857            
79         | 0.501080             | 0.292825            
80         | 0.508721             | 0.292253            
81         | 0.541196             | 0.287995            
82         | 0.521096             | 0.292413            
83         | 0.519601             | 0.294057            
84         | 0.509219             | 0.290965            
85         | 0.464784             | 0.295159            
86         | 0.549252             | 0.290747            
87         | 0.556811             | 0.291872            
88         | 0.475914             | 0.292278            
89         | 0.547508             | 0.291096            
90         | 0.532724             | 0.291849            
91         | 0.546927             | 0.289828            
92         | 0.531728             | 0.295957            
93         | 0.496761             | 0.291443            
94         | 0.512957             | 0.288818            
95         | 0.542525             | 0.292679            
96         | 0.541777             | 0.293936            
97         | 0.466113             | 0.293397            
98         | 0.514701             | 0.293373            
99         | 0.522425             | 0.289565            
100        | 0.517940             | 0.290169            

================================================================================
                               FINAL TEST RESULTS
================================================================================
Test Performance:       0.279908
Test Bias:              0.577989
================================================================================
